[CALIB]
ORG_IMAGE_WIDTH = 1280
ORG_IMAGE_HEIGHT = 720
BIRDVIEW_IMAGE_WIDTH = 1280
BIRDVIEW_IMAGE_HEIGHT = 720
ARUCO_MARKER_SIZE = 0.280
# Need to change OFFSET 32,64 or 128 (Based on FOV)
RESOLUTION_FACTOR = 128
OFFSET = 0.1
# Rotation vector

[RVEC]
ROLL = 1.8780479141260902
PITCH = -0.045971695099601355
YAW = 0.09138889421707373
# Translation vector

[TVEC]
X = -0.10173212485134436
Y = 2.0522100275037642
Z = 5.703134243588619

[TMATRIX_O]
R11 = 0.9961390506803189
R12 = 0.014420854312112595
R13 = 0.08659694377183241
R21 = -0.07812511654078404
R22 = -0.30431298981755744
R23 = 0.9493629813689745
R31 = 0.04004320011190409
R32 = -0.9524629353361777
R33 = -0.30201142186279983
TX = -0.42212927496663427
TY = -4.797778193547494
TZ = 3.6811393485364268

[CAMERA_MATRIX]
FX = 639.1262817382812
FY = 638.5029296875
CX = 627.7446899414062
CY = 362.18048095703125
DEPTH_SCALE = 0.0010000000474974513

[ARUCO_CORNER]
TOPLEFT_X = 600
TOPLEFT_Y = 581
TOPRIGHT_X = 631
TOPRIGHT_Y = 580
BOTTOMRIGHT_X = 634
BOTTOMRIGHT_Y = 601
BOTTOMLEFT_X = 601
BOTTOMLEFT_Y = 601

[SOCIAL_DISTANCE_DETECT]
ENABLED = 1
MINIMUM_DISTANCE = 200

[SHOW_ARROW]
NORMALIZE_FACTOR = 1
PEOPLE_ICON = 0

# Socical Distance time (seconds)
[SOCIAL_DISTANCE_TIME]
SOCIAL_DISTANCE_TIME = 3
GREEN_TIME=0
ORANGE_TIME=5
RED_TIME=10

